343111 343112 1
343113 343114 1
343114 343112 1
343115 343116 1
343117 343112 1
343118 343119 1
343119 343130 1
343120 343121 1
343121 343130 1
343122 343119 1
343123 343124 1
343124 343169 1
343125 343126 1
343126 343119 1
343127 343114 1
343128 343129 1
343129 343119 1
343132 343119 1
343133 343119 1
343134 343119 1
343136 343137 1
343138 343114 1
343139 343140 1
343140 343112 1
343141 343130 1
343143 343144 1
343144 343119 1
343145 343124 1
343146 343121 1
343147 343148 1
343148 343112 1
343149 343116 1
343150 343126 1
343151 343152 1
343152 343169 1
343153 343148 1
343154 343129 1
343155 343130 1
343156 343111 1
343158 343159 1
343160 343144 1
343161 343160 1
343162 343140 1
343163 343148 1
343164 343111 1
343165 343114 1
343166 343130 1
343167 343114 1
343168 343169 1
343170 343124 1
343171 343128 1
343172 343117 1
343174 343118 1
343175 343116 1
343176 343177 1
343177 343169 1
343178 343116 1
343179 343180 1
343180 343140 1
343181 343124 1
343182 343114 1
343183 343124 1
343185 343114 1
343186 343111 1
343187 343188 1
343189 343124 1
343190 343114 1
343191 343129 1
343193 343124 1
343194 343195 1
343196 343111 1
343197 343128 1
343198 343111 1
343199 343148 1
343200 343116 1
343201 343129 1
343202 343180 1
343203 343112 1
343204 343118 1
343205 343117 1
343206 343177 1
343207 343184 1
343208 343117 1
343209 343128 1
343210 343114 1
343211 343114 1
343212 343116 1
343213 343116 1
343214 343140 1
343215 343177 1
343216 343121 1
343217 343130 1
343218 343177 1
343219 343124 1
343220 343168 1
343222 343124 1
343223 343114 1
343224 343152 1
343225 343114 1
343226 343124 1
343227 343148 1
343228 343140 1
343229 343116 1
343230 343177 1
343232 343128 1
343233 343111 1
343234 343114 1
343235 343203 1
343237 343148 1
343238 343126 1
343239 343111 1
343241 343121 1
343243 343124 1
343244 343116 1
343245 343163 1
343246 343116 1
343247 343111 1
343248 343177 1
343249 343118 1
343251 343148 1
343252 343130 1
343253 343121 1
343254 343111 1
343256 343114 1
343257 343169 1
343258 343129 1
343259 343114 1
343260 343112 1
343261 343118 1
343263 343119 1
343264 343177 1
343265 343177 1
343266 343117 1
343111 343130 0
343112 343128 0
343112 343129 0
343112 343198 0
343112 343239 0
343114 343117 0
343116 343241 0
343118 343204 0
343119 343121 0
343119 343131 0
343119 343154 0
343119 343177 0
343119 343195 0
343119 343222 0
343119 343255 0
343119 343261 0
343123 343183 0
343123 343215 0
343124 343111 0
343124 343181 0
343124 343195 0
343126 343184 0
343128 343174 0
343128 343236 0
343129 343251 0
343130 343266 0
343132 343137 0
343135 343128 0
343137 343129 0
343137 343181 0
343138 343127 0
343141 343169 0
343141 343211 0
343142 343261 0
343144 343122 0
343144 343143 0
343146 343216 0
343148 343119 0
343148 343203 0
343148 343263 0
343154 343119 0
343154 343193 0
343155 343141 0
343157 343128 0
343157 343133 0
343159 343111 0
343159 343204 0
343161 343122 0
343164 343158 0
343164 343214 0
343165 343151 0
343165 343182 0
343165 343211 0
343165 343228 0
343166 343217 0
343167 343204 0
343167 343259 0
343168 343222 0
343170 343130 0
343172 343145 0
343174 343128 0
343176 343119 0
343176 343152 0
343177 343112 0
343177 343215 0
343177 343218 0
343177 343220 0
343179 343140 0
343181 343183 0
343183 343136 0
343183 343176 0
343183 343226 0
343183 343257 0
343184 343263 0
343188 343130 0
343188 343252 0
343189 343152 0
343189 343177 0
343189 343195 0
343193 343265 0
343196 343189 0
343197 343157 0
343197 343238 0
343198 343120 0
343201 343242 0
343203 343266 0
343206 343151 0
343206 343228 0
343207 343232 0
343210 343172 0
343211 343260 0
343213 343175 0
343215 343145 0
343215 343206 0
343216 343198 0
343219 343123 0
343220 343137 0
343220 343162 0
343220 343242 0
343221 343177 0
343222 343118 0
343222 343170 0
343222 343183 0
343222 343224 0
343224 343164 0
343225 343210 0
343226 343177 0
343226 343243 0
343229 343244 0
343230 343168 0
343230 343265 0
343233 343254 0
343239 343202 0
343242 343201 0
343245 343188 0
343245 343228 0
343247 343147 0
343247 343233 0
343247 343239 0
343248 343176 0
343248 343206 0
343254 343233 0
343255 343174 0
343259 343185 0
343259 343210 0
343260 343220 0
343260 343224 0
343260 343227 0
343261 343231 0
343261 343238 0
343263 343184 0
343265 343253 0
343266 343193 0
